49.3906556481      5.78314232857e-41
50.3784687611      6.30505992243e-42
51.366281874      3.47691736663e-42
52.354094987      1.05458660798e-43
53.3419080999      1.47144539461e-41
54.3297212129      1.9556153416e-41
55.3175343259      3.12782084861e-41
56.3053474388      1.66116554562e-41
57.2931605518      0.0
58.2809736647      3.48239966639e-41
59.2687867777      1.42940638242e-39
60.2565998907      2.17378596065e-39
61.2444130036      3.79059206624e-41
62.2322261166      1.63543040263e-40
63.2200392296      1.654885785e-40
64.2078523425      3.12167153905e-41
65.1956654555      5.20029480013e-42
66.1834785684      1.82641481427e-41
67.1712916814      2.30695567981e-42
68.1591047944      1.22961413027e-41
69.1469179073      1.083626877e-41
70.1347310203      1.45431748466e-41
71.1225441333      1.21705419038e-41
72.1103572462      1.18469538669e-41
73.0981703592      3.09289837308e-43
74.0859834721      1.19720257721e-41
75.0737965851      1.07239662499e-41
76.0616096981      2.15865092308e-42
77.049422811      1.12290418446e-41
78.037235924      8.83436874314e-42
79.0250490369      1.81974782812e-41
80.0128621499      1.25122942703e-40
81.0006752629      1.59451787702e-41
81.9884883758      3.87963615872e-42
82.9763014888      8.76439845323e-44
83.9641146018      3.99398530593e-43
84.9519277147      1.03590375081e-42
85.9397408277      1.66146665215e-42
86.9275539406      5.93594961233e-43
87.9153670536      9.96352445066e-43
88.9031801666      5.20258376543e-42
89.8909932795      2.16998899916e-42
90.8788063925      9.48327877483e-44
91.8666195055      2.65635406162e-42
92.8544326184      5.77172447794e-44
93.8422457314      5.96889122722e-43
94.8300588443      1.0442017031e-42
95.8178719573      1.10761671459e-44
96.8056850703      1.45529303406e-44
97.7934981832      1.09226381039e-42
98.7813112962      1.11378569079e-43
99.7691244091      9.82243215343e-43
100.756937522      9.63776599114e-43
101.744750635      2.71038865102e-43
102.732563748      1.4682908747e-43
103.720376861      9.49457359332e-43
104.708189974      7.05988674202e-44
105.696003087      4.37047062955e-43
106.6838162      6.25405824975e-43
107.671629313      7.46115665904e-44
108.659442426      1.06144258934e-42
109.647255539      1.76256012266e-43
110.635068652      6.34141284555e-43
111.622881765      1.51176744748e-43
112.610694878      9.89633228349e-45
113.598507991      1.07868819858e-45
114.586321104      5.32245931653e-43
115.574134217      4.87117036231e-43
116.561947329      9.35306503816e-43
117.549760442      8.29720186088e-42
118.537573555      3.71890288825e-44
119.525386668      0.0
120.513199781      4.69633886281e-42
121.501012894      8.86074232395e-43
122.488826007      1.86810778095e-42
123.47663912      5.85986855535e-43
124.464452233      2.27158246381e-42
125.452265346      2.29626408318e-43
126.440078459      3.27663474082e-43
127.427891572      6.92820192483e-43
128.415704685      1.96210399807e-43
129.403517798      3.07204536978e-44
130.391330911      3.05081528669e-43
131.379144024      7.52831357865e-43
132.366957137      7.79529722049e-43
133.35477025      1.11986266045e-43
134.342583363      3.84641990433e-43
135.330396476      2.77421618653e-43
136.318209589      2.9288049364e-43
137.306022702      1.42035684473e-42
138.293835815      1.2199972091e-43
139.281648928      4.91557058924e-44
140.269462041      3.23696175252e-43
141.257275154      1.82882982513e-43
142.245088267      1.50180422237e-43
143.232901379      2.2341481168e-44
144.220714492      3.01543351859e-44
145.208527605      7.18348913945e-43
146.196340718      3.75027627927e-43
147.184153831      5.89550293149e-44
148.171966944      4.31260027878e-43
149.159780057      1.89021271767e-44
150.14759317      2.42876623252e-43
151.135406283      1.93316777565e-43
152.123219396      1.3883189483e-43
153.111032509      5.50653349639e-43
154.098845622      5.91697302134e-43
155.086658735      4.82710765124e-44
156.074471848      3.89416544637e-43
157.062284961      3.45296083508e-43
158.050098074      3.93568408774e-43
159.037911187      2.81104840262e-43
160.0257243      3.61857805731e-43
161.013537413      3.22102973475e-43
162.001350526      3.27560025432e-42
162.989163639      1.23757500383e-42
163.976976752      1.00359088614e-43
164.964789865      2.72064572493e-43
165.952602978      5.7646342081e-43
166.940416091      4.08511945239e-43
167.928229204      7.54131414933e-44
168.916042316      1.82336211678e-43
169.903855429      4.21730482436e-43
170.891668542      1.82460715405e-43
171.879481655      3.93610710479e-44
172.867294768      1.62018084137e-43
173.855107881      3.7824413562e-43
174.842920994      2.85842709811e-43
175.830734107      6.6005993683e-43
176.81854722      7.4668910136e-43
177.806360333      5.21947709392e-42
178.794173446      7.80638930778e-43
179.781986559      0.0
180.769799672      6.1244524337e-42
181.757612785      1.05638753969e-42
182.745425898      1.18378973044e-42
183.733239011      9.97371896197e-43
184.721052124      6.81413887538e-43
185.708865237      1.41979970572e-42
186.69667835      2.62905199394e-43
187.684491463      1.77971726823e-43
188.672304576      1.16937090122e-42
189.660117689      1.29598091261e-42
190.647930802      5.94382426301e-43
191.635743915      1.98829403862e-43
192.623557028      3.44705099821e-43
193.611370141      7.9779744426e-43
194.599183253      1.92343450513e-43
195.586996366      1.84731683332e-43
196.574809479      2.9344413398e-44
197.562622592      4.01170575043e-43
198.550435705      2.07035631673e-42
199.538248818      1.01437571425e-40
200.526061931      8.36488886677e-43
201.513875044      5.97792262686e-43
202.501688157      3.33481105272e-43
203.48950127      1.82995082466e-43
204.477314383      3.48879667856e-45
205.465127496      3.06873601822e-44
206.452940609      9.68641756597e-43
207.440753722      1.65571419456e-43
208.428566835      3.70027676049e-43
209.416379948      7.79398772151e-44
210.404193061      1.05668068935e-42
211.392006174      9.57415955536e-43
212.379819287      1.05578611535e-43
213.3676324      2.48785325165e-43
214.355445513      1.43292642436e-43
215.343258626      2.85627385245e-43
216.331071739      1.37101113535e-43
217.318884852      9.56041672742e-43
218.306697965      8.67515160494e-45
219.294511078      2.83328139263e-44
220.28232419      2.12112532462e-43
221.270137303      2.06602826899e-43
222.257950416      2.43156149907e-43
223.245763529      3.11977408755e-43
224.233576642      1.69371171259e-44
225.221389755      5.79869473517e-43
226.209202868      1.11236441487e-42
227.197015981      1.68882296025e-42
228.184829094      3.52635423713e-43
229.172642207      3.01872962236e-43
230.16045532      2.30685129441e-42
231.148268433      1.79673413461e-43
232.136081546      8.08216171684e-43
233.123894659      1.31306315324e-42
234.111707772      8.6290694687e-43
235.099520885      2.72124522606e-43
236.087333998      1.01948354274e-42
237.075147111      7.46218628268e-44
238.062960224      3.11959880281e-43
239.050773337      4.11375036371e-43
240.03858645      1.67277994572e-42
241.026399563      1.07194324846e-42
242.014212676      3.78411888668e-43
243.002025789      2.63002813131e-43
243.989838902      1.26535376506e-43
244.977652015      1.2946556384e-42
245.965465127      1.55070409458e-43
246.95327824      6.91386196236e-43
247.941091353      9.5255900137e-43
248.928904466      1.9595507324e-43
249.916717579      3.8163075378e-43
250.904530692      3.93305169485e-44
251.892343805      3.48842032556e-43
252.880156918      5.39144675409e-43
253.867970031      1.28517144603e-43
254.855783144      4.34064518885e-43
255.843596257      3.32604448142e-43
256.83140937      4.14480704713e-43
257.819222483      1.25982897699e-43
258.807035596      6.46513677969e-43
259.794848709      1.81828033006e-42
260.782661822      6.86296925135e-44
261.770474935      6.70159154491e-44
262.758288048      1.51802881571e-43
263.746101161      4.53852663379e-43
264.733914274      3.27982344568e-43
265.721727387      1.34267088909e-43
266.7095405      1.53911898841e-44
267.697353613      1.75116760062e-43
268.685166726      4.89676974193e-44
269.672979839      4.71220069513e-43
270.660792952      1.15507196497e-42
271.648606065      4.45361366041e-44
272.636419177      2.1327644527e-43
273.62423229      1.37183620542e-43
274.612045403      1.55802660236e-43
275.599858516      1.45728567858e-42
276.587671629      7.81579536511e-44
277.575484742      1.65162845793e-43
278.563297855      9.09347505747e-43
279.551110968      1.61613654006e-42
280.538924081      2.6744576972e-42
281.526737194      1.55777240751e-43
282.514550307      6.02490367869e-44
283.50236342      7.20011880731e-44
284.490176533      7.21962479988e-43
285.477989646      1.061084379e-42
286.465802759      9.89742944797e-43
287.453615872      8.00174583167e-43
288.441428985      7.68318584329e-43
289.429242098      3.15451701195e-43
290.417055211      5.51489416392e-45
291.404868324      5.09016605598e-43
292.392681437      1.12475653542e-43
293.38049455      4.03519025356e-43
294.368307663      1.81683499075e-43
295.356120776      1.04897760238e-42
296.343933889      2.84771552819e-43
297.331747002      1.57124714847e-42
298.319560114      9.20323583719e-44
299.307373227      1.21574697312e-43
300.29518634      2.08989323147e-42
301.282999453      2.13846611224e-43
302.270812566      2.42062863335e-42
303.258625679      5.59423957958e-43
304.246438792      2.33332960106e-43
305.234251905      5.31670992505e-44
306.222065018      3.39367243555e-43
307.209878131      1.2748196646e-43
308.197691244      7.32422945195e-43
309.185504357      4.55468279813e-43
310.17331747      2.80997249775e-43
311.161130583      5.39972074706e-43
312.148943696      7.54732144778e-43
313.136756809      4.70422036902e-43
314.124569922      1.79605773417e-42
315.112383035      1.70707298596e-43
316.100196148      3.66564546794e-43
317.088009261      7.41466220781e-43
318.075822374      1.93677867114e-43
319.063635487      1.64617627464e-42
320.0514486      1.74933574302e-42
321.039261713      3.7214546209e-43
322.027074826      2.28689286695e-42
323.014887939      9.19188811912e-43
324.002701051      1.08565547453e-42
324.990514164      1.39198833444e-42
325.978327277      1.33528304208e-42
326.96614039      4.36640411428e-42
327.953953503      3.84515142805e-42
328.941766616      1.50664504566e-42
329.929579729      0.0
330.917392842      4.6878701852e-43
331.905205955      0.0
332.893019068      5.72214474144e-43
333.880832181      1.60045862243e-42
334.868645294      1.07827466861e-42
335.856458407      7.46720344808e-43
336.84427152      1.96839486768e-45
337.832084633      4.26336446982e-43
338.819897746      4.660073102e-42
339.807710859      5.19271604689e-42
340.795523972      2.67296651431e-42
341.783337085      6.64747225347e-42
342.771150198      3.48522932857e-41
343.758963311      2.37928592552e-40
344.746776424      2.08348609405e-39
345.734589537      1.61275369117e-40
346.72240265      3.97384838162e-40
347.710215763      6.02902007309e-37
348.698028876      1.52277916159e-41
349.685841988      2.52423678373e-42
350.673655101      3.57117541757e-42
351.661468214      1.15774776772e-41
352.649281327      8.27819981303e-43
353.63709444      1.10622644699e-41
354.624907553      1.75756349555e-42
355.612720666      1.64379554911e-41
356.600533779      7.35559207148e-43
357.588346892      1.13561541287e-42
358.576160005      2.94515742408e-42
359.563973118      6.00053754402e-43
360.551786231      9.70165201312e-43
361.539599344      5.18633022199e-42
362.527412457      1.88246773867e-42
363.51522557      4.40582212048e-44
364.503038683      1.20102546528e-42
365.490851796      1.82735068481e-43
366.478664909      1.17231964628e-43
367.466478022      2.0549083841e-43
368.454291135      1.89050174673e-43
369.442104248      8.81452258175e-45
370.429917361      6.28752750349e-43
371.417730474      2.736584389e-42
372.405543587      1.64119841701e-42
373.3933567      7.37265161294e-43
374.381169813      4.03548034469e-43
375.368982925      3.5363968859e-43
376.356796038      7.71597894944e-43
377.344609151      9.29412313496e-43
378.332422264      1.18756563103e-42
379.320235377      3.62067005592e-42
380.30804849      2.18225139744e-44
381.295861603      3.41722274167e-42
382.283674716      8.09677193278e-44
383.271487829      3.68265602165e-43
384.259300942      7.63775866564e-44
385.247114055      7.98253692926e-43
386.234927168      6.34697223517e-41
387.222740281      5.2170881532e-43
388.210553394      1.6280909293e-43
389.198366507      2.51958305643e-42
390.18617962      2.29936253537e-42
391.173992733      2.55308974374e-43
392.161805846      1.08221266491e-42
393.149618959      6.94434510775e-44
394.137432072      2.64524040779e-42
395.125245185      2.62575055147e-42
396.113058298      6.91086009046e-44
397.100871411      9.11109757585e-43
398.088684524      4.31251378913e-43
399.076497637      5.24989453172e-44
400.06431075      1.43072177369e-43
401.052123863      1.05224224977e-42
402.039936975      2.96291316487e-42
403.027750088      3.40111978744e-43
404.015563201      1.76434683311e-42
405.003376314      3.67211989782e-43
405.991189427      2.9882859525e-42
406.97900254      5.70447135267e-43
407.966815653      1.94954362989e-42
408.954628766      2.62035616582e-43
409.942441879      5.6772565426e-43
410.930254992      1.04494186792e-43
411.918068105      5.57392647198e-43
412.905881218      4.79237859419e-43
413.893694331      1.60478295965e-43
414.881507444      3.95797869506e-43
415.869320557      1.26719508087e-42
416.85713367      4.85140084202e-43
417.844946783      3.59210430702e-44
418.832759896      2.93288221443e-43
419.820573009      1.87543564748e-43
420.808386122      2.42282272358e-44
421.796199235      8.36057150538e-44
422.784012348      2.91239941842e-43
423.771825461      5.2393609791e-43
424.759638574      3.4315748162e-43
425.747451687      7.96615111092e-43
426.7352648      1.26811730953e-42
427.723077912      4.1623553899e-42
428.710891025      1.94305088133e-42
429.698704138      2.23619946944e-42
430.686517251      2.01085897319e-42
431.674330364      8.46500968063e-42
432.662143477      1.72128499736e-42
433.64995659      2.58386154626e-42
434.637769703      9.22895168368e-43
435.625582816      1.37701162314e-42
436.613395929      1.54872614684e-43
437.601209042      3.09333485383e-42
438.589022155      1.47410446775e-42
439.576835268      4.58446210409e-43
440.564648381      1.69624026023e-42
441.552461494      1.1107700213e-42
442.540274607      7.85238168032e-45
443.52808772      1.30312286083e-42
444.515900833      8.06763112681e-43
445.503713946      8.03247754246e-43
446.491527059      1.58073724425e-42
447.479340172      5.29278376424e-44
448.467153285      1.64558836211e-42
449.454966398      3.56066665846e-42
450.442779511      1.38039450324e-42
451.430592624      2.01425179449e-43
452.418405737      1.3133199176e-42
453.406218849      1.45774801305e-42
454.394031962      2.53725709276e-44
455.381845075      2.84787848095e-42
456.369658188      4.06614047998e-43
457.357471301      2.45392898321e-43
458.345284414      2.86103844402e-43
459.333097527      2.14495755092e-42
460.32091064      8.65856977934e-43
461.308723753      2.29778773959e-43
462.296536866      1.26876949261e-43
463.284349979      1.73447613625e-43
464.272163092      1.53463898186e-42
465.259976205      1.14316445653e-42
466.247789318      2.10913735243e-43
467.235602431      8.00247826545e-43
468.223415544      7.68359703484e-43
469.211228657      3.91366441829e-44
470.19904177      1.35020564774e-42
471.186854883      1.60389047854e-42
472.174667996      2.10301112345e-42
473.162481109      2.69072933622e-43
474.150294222      8.17519947986e-43
475.138107335      1.32198157803e-42
476.125920448      2.39369492497e-42
477.113733561      2.3277092702e-42
478.101546674      1.81856147806e-42
479.089359786      3.10344115297e-42
480.077172899      1.21681603159e-43
481.064986012      7.00432137537e-43
482.052799125      1.03725814144e-42
483.040612238      3.87624496171e-42
484.028425351      3.23167140209e-42
485.016238464      1.14893774939e-42
486.004051577      3.74597679418e-43
486.99186469      1.99044254063e-42
487.979677803      9.40200908218e-43
488.967490916      6.10256887744e-44
489.955304029      1.74157866008e-42
490.943117142      9.31295942609e-43
491.930930255      3.01420386834e-42
492.918743368      2.60346456235e-42
493.906556481      4.33423101067e-41
494.894369594      1.69001319519e-42
495.882182707      2.07076252492e-42
496.86999582      3.36331981602e-43
497.857808933      1.17565634793e-43
498.845622046      2.01215611257e-43
499.833435159      2.20375402455e-42
500.821248272      2.09098737101e-42
501.809061385      5.58806864256e-42
502.796874498      3.40085323243e-42
503.784687611      7.74891532655e-44
504.772500723      3.35134822558e-43
505.760313836      1.4394982822e-43
506.748126949      2.96628268273e-42
507.735940062      4.36156625482e-44
508.723753175      0.0
509.711566288      1.12642192653e-42
510.699379401      1.55583711797e-42
511.687192514      1.23224730302e-43
512.675005627      8.76705917534e-44
513.66281874      3.49460259322e-43
514.650631853      6.78526455919e-43
515.638444966      1.98762264662e-43
516.626258079      6.11690279e-43
517.614071192      2.04692673532e-43
518.601884305      2.04057507469e-42
519.589697418      9.92040508053e-43
520.577510531      9.07875583075e-43
521.565323644      7.1179782404e-43
522.553136757      4.43338284949e-43
523.54094987      1.26636323039e-42
524.528762983      1.69418513042e-42
525.516576096      1.96400709031e-43
526.504389209      2.16662968447e-42
527.492202322      1.02328696767e-43
528.480015435      7.49794240743e-43
529.467828548      1.03004949261e-42
530.455641661      8.93834522506e-43
531.443454773      3.24420025523e-43
532.431267886      3.74222548762e-43
533.419080999      7.20586977589e-43
534.406894112      6.8013486392e-43
535.394707225      9.10090097924e-43
536.382520338      8.11744894805e-43
537.370333451      5.65268322162e-44
538.358146564      1.90925170469e-43
539.345959677      6.60688160307e-43
540.33377279      1.60203427555e-43
541.321585903      9.9628622655e-43
542.309399016      1.96941605179e-42
543.297212129      1.653649424e-42
544.285025242      4.64843813938e-43
545.272838355      2.40567038163e-44
546.260651468      1.95233615466e-42
547.248464581      4.5919619034e-43
548.236277694      1.87374158614e-43
549.224090807      1.63465226594e-43
550.21190392      1.30900275872e-42
551.199717033      7.66046439832e-44
552.187530146      8.28145392004e-43
553.175343259      1.84465972338e-43
554.163156372      3.98866465669e-44
555.150969485      2.59619031713e-42
556.138782598      8.06696515382e-43
557.12659571      7.14185385058e-42
558.114408823      3.23514196248e-43
559.102221936      9.08947718533e-43
560.090035049      2.78635897007e-42