[[  2.26168771   3.86540572   0.77652064   2.46047335  -0.62841173
   -2.32108709]
 [  3.86540572   7.89842991   4.60808582   6.16283681   2.87249273
   -0.61944882]
 [  0.77652064   4.60808582   8.72110436   5.79250894   9.90552748
    7.8019539 ]
 [  2.46047335   6.16283681   5.79250894   5.65642641   5.28609854
    2.53383074]
 [ -0.62841173   2.87249273   9.90552748   5.28609854  12.31913329
   10.95523347]
 [ -2.32108709  -0.61944882   7.8019539    2.53383074  10.95523347
   11.13722236]]
====
(array([ -2.56218657e-15,   1.16624557e-05,   1.23138399e-03,
         4.96907735e-02,   1.43178189e+01,   3.36252513e+01]), array([[ -7.19711129e-11,   5.78041794e-01,  -6.66897147e-01,
          2.52504278e-01,   3.96359659e-01,  -1.60153424e-02],
       [  5.00000000e-01,   8.43620748e-02,   5.01371766e-01,
          8.10728766e-02,   6.59921645e-01,  -2.22351082e-01],
       [ -5.00000000e-01,  -2.45274670e-01,   9.61535496e-02,
          6.46110601e-01,   8.74528003e-02,  -5.05458138e-01],
       [ -5.00000000e-01,  -4.48357872e-02,  -5.35806576e-02,
         -6.95137747e-01,   4.05461418e-01,  -3.12255371e-01],
       [  5.00000000e-01,  -3.74472532e-01,  -4.58798874e-01,
         -1.30100022e-01,  -1.67007427e-01,  -5.95362428e-01],
       [ -8.40812602e-11,   6.75537665e-01,   2.85064466e-01,
         -1.09851565e-01,  -4.55482172e-01,  -4.92803955e-01]]))
====
8.12005605449e+15
====
False
