sim =  True
[[  1.23055293e+73   2.13736540e+73   5.55316731e+72   1.41278412e+73
   -1.69264540e+72  -1.11866143e+73]
 [  2.13736540e+73   4.22967131e+73   2.18308536e+73   3.25920515e+73
    1.21261920e+73  -6.77006127e+72]
 [  5.55316731e+72   2.18308536e+73   3.14931970e+73   2.52995652e+73
    3.49619085e+73   2.50018522e+73]
 [  1.41278412e+73   3.25920515e+73   2.52995652e+73   2.88146429e+73
    2.15221566e+73   6.85968978e+72]
 [ -1.69264540e+72   1.21261920e+73   3.49619085e+73   2.15221566e+73
    4.43578731e+73   3.86316032e+73]
 [ -1.11866143e+73  -6.77006127e+72   2.50018522e+73   6.85968978e+72
    3.86316032e+73   4.13561565e+73]]
====
[[  1.06718384e-68   1.44136835e-69  -4.35188614e-69  -9.24313865e-70
   -6.71756837e-69   1.21818876e-68]
 [  1.44136835e-69   2.54899339e-70  -6.08374146e-70  -1.33556994e-70
   -9.96830481e-70   1.75271403e-69]
 [ -4.35188615e-69  -6.08374145e-70   1.78606462e-69   3.76210896e-70
    2.77064966e-69  -5.00703818e-69]
 [ -9.24313868e-70  -1.33556994e-70   3.76210897e-70   8.44708371e-71
    5.94238730e-70  -1.06842471e-69]
 [ -6.71756837e-69  -9.96830479e-70   2.77064966e-69   5.94238728e-70
    4.36171888e-69  -7.82817692e-69]
 [  1.21818876e-68   1.75271403e-69  -5.00703817e-69  -1.06842471e-69
   -7.82817692e-69   1.40987564e-68]]
====
(array([ -1.94573296e+58,   3.21753954e+67,   5.85208737e+69,
         1.38916588e+71,   7.36054122e+73,   1.26873899e+74]), array([[  2.01702670e-11,   5.83848129e-01,  -6.71738763e-01,
          2.17785115e-01,   3.89024313e-01,  -9.54888670e-02],
       [  5.00000000e-01,   8.25901286e-02,   5.00580971e-01,
          1.02804690e-01,   5.95074354e-01,  -3.57652444e-01],
       [ -5.00000000e-01,  -2.39457947e-01,   6.77064802e-02,
          6.63481923e-01,  -1.72742014e-02,  -4.97563126e-01],
       [ -5.00000000e-01,  -5.10309576e-02,  -2.40797799e-02,
         -6.90549948e-01,   3.21386761e-01,  -4.08249096e-01],
       [  5.00000000e-01,  -3.73079034e-01,  -4.56954271e-01,
         -1.29872715e-01,  -2.90961795e-01,  -5.48159777e-01],
       [  2.25111053e-11,   6.73177540e-01,   2.90197377e-01,
         -8.98132722e-02,  -5.53443748e-01,  -3.85033864e-01]]))
====
8.5863325367e+15
====
[[  1.00000000e+00  -9.93428530e-11   7.78021603e-11   1.04243844e-10
   -1.18033030e-10   3.34732031e-11]
 [ -1.03138634e-10   7.50000000e-01   2.50000000e-01   2.50000000e-01
   -2.50000000e-01  -1.31642250e-10]
 [  1.41414801e-10   2.50000000e-01   7.50000000e-01  -2.50000000e-01
    2.50000000e-01   1.89656364e-10]
 [  1.63573857e-10   2.50000000e-01  -2.50000000e-01   7.50000000e-01
    2.50000000e-01   1.63413892e-10]
 [ -9.90461151e-11  -2.50000000e-01   2.50000000e-01   2.50000000e-01
    7.50000000e-01  -1.46885021e-10]
 [ -5.01873554e-11  -1.34654777e-10   1.63306978e-10   1.27930451e-10
   -1.26079472e-10   1.00000000e+00]] [[ 1.  0.  0.  0.  0.  0.]
 [ 0.  1.  0.  0.  0.  0.]
 [ 0.  0.  1.  0.  0.  0.]
 [ 0.  0.  0.  1.  0.  0.]
 [ 0.  0.  0.  0.  1.  0.]
 [ 0.  0.  0.  0.  0.  1.]]
