[[  2.63497852e+75   4.59329420e+75   1.26282639e+75   3.09602458e+75
   -2.34443231e+74  -2.29534105e+75]
 [  4.59329420e+75   9.07218605e+75   4.63887845e+75   7.07736205e+75
    2.64405446e+75  -1.44563435e+75]
 [  1.26282639e+75   4.63887845e+75   6.23385952e+75   5.31978377e+75
    6.91476484e+75   4.78824448e+75]
 [  3.09602458e+75   7.07736205e+75   5.31978377e+75   6.29946496e+75
    4.54188668e+75   1.33307312e+75]
 [ -2.34443231e+74   2.64405446e+75   6.91476484e+75   4.54188668e+75
    8.81259705e+75   7.56695195e+75]
 [ -2.29534105e+75  -1.44563435e+75   4.78824448e+75   1.33307312e+75
    7.56695195e+75   8.16644275e+75]]
====
[[  5.47954339e-71   7.84955236e-72  -2.22526932e-71  -5.01260827e-72
   -3.51148538e-71   6.31936973e-71]
 [  7.84955237e-72   1.46358405e-72  -3.30166332e-72  -7.67572728e-73
   -5.53282009e-72   9.65318622e-72]
 [ -2.22526932e-71  -3.30166332e-72   9.09810351e-72   2.03311824e-72
    1.44328851e-71  -2.58787959e-71]
 [ -5.01260827e-72  -7.67572728e-73   2.03311824e-72   4.81864859e-73
    3.28255582e-72  -5.85709677e-72]
 [ -3.51148538e-71  -5.53282009e-72   1.44328851e-71   3.28255582e-72
    2.32482609e-71  -4.13890788e-71]
 [  6.31936973e-71   9.65318622e-72  -2.58787959e-71  -5.85709677e-72
   -4.13890788e-71   7.39511919e-71]]
====
(array([ -3.42268780e+60,   6.17048163e+69,   1.06487870e+72,
         2.67686719e+73,   1.52218150e+76,   2.59698741e+76]), array([[ -1.45415302e-10,   5.79189612e-01,  -6.75336572e-01,
          2.16234060e-01,   3.81727217e-01,  -1.26439988e-01],
       [  5.00000000e-01,   8.70063886e-02,   5.01640693e-01,
          1.05847232e-01,   5.61037202e-01,  -4.05980448e-01],
       [ -5.00000000e-01,  -2.36660919e-01,   6.94210342e-02,
          6.69450186e-01,  -5.87600730e-02,  -4.87397201e-01],
       [ -5.00000000e-01,  -5.34952028e-02,  -2.24402204e-02,
         -6.86401213e-01,   2.84105259e-01,  -4.41330121e-01],
       [  5.00000000e-01,  -3.77162510e-01,  -4.54659879e-01,
         -1.22798259e-01,  -3.35692016e-01,  -5.22746873e-01],
       [ -1.70075528e-10,   6.75164866e-01,   2.83264329e-01,
         -8.74620185e-02,  -5.85375021e-01,  -3.37046294e-01]]))
====
6.85139851563e+15
====
[[  1.00000000e+00   4.85237018e-11  -3.93233843e-11  -5.21093506e-11
    9.11387715e-11  -7.63335464e-11]
 [  1.79240972e-10   7.50000000e-01   2.50000000e-01   2.50000000e-01
   -2.50000000e-01   1.87288538e-10]
 [  1.25435143e-11   2.50000000e-01   7.50000000e-01  -2.50000000e-01
    2.50000000e-01   2.37054374e-11]
 [  4.43139629e-11   2.50000000e-01  -2.50000000e-01   7.50000000e-01
    2.50000000e-01   2.50581315e-11]
 [  3.25292255e-10  -2.50000000e-01   2.50000000e-01   2.50000000e-01
    7.50000000e-01   3.68640916e-10]
 [  5.56440439e-11   7.27255699e-11  -6.41413775e-11  -7.09469416e-11
    7.36864951e-11   1.00000000e+00]] [[ 1.  0.  0.  0.  0.  0.]
 [ 0.  1.  0.  0.  0.  0.]
 [ 0.  0.  1.  0.  0.  0.]
 [ 0.  0.  0.  1.  0.  0.]
 [ 0.  0.  0.  0.  1.  0.]
 [ 0.  0.  0.  0.  0.  1.]]
