[[  1.58166231e+75   2.75965182e+75   7.62516778e+74   1.86064532e+75
   -1.36489728e+74  -1.37398370e+75]
 [  2.75965182e+75   5.45798823e+75   2.80484023e+75   4.25982652e+75
    1.60667852e+75  -8.52495030e+74]
 [  7.62516778e+74   2.80484023e+75   3.77925114e+75   3.21507174e+75
    4.18948265e+75   2.90422204e+75]
 [  1.86064532e+75   4.25982652e+75   3.21507174e+75   3.79258180e+75
    2.74782703e+75   8.17354475e+74]
 [ -1.36489728e+74   1.60667852e+75   4.18948265e+75   2.74782703e+75
    5.33063115e+75   4.57407154e+75]
 [ -1.37398370e+75  -8.52495030e+74   2.90422204e+75   8.17354475e+74
    4.57407154e+75   4.92645830e+75]]
====
[[  9.05886488e-71   1.29182505e-71  -3.67939017e-71  -8.25730220e-72
   -5.79694544e-71   1.04383976e-70]
 [  1.29182505e-71   2.39931406e-72  -5.43441203e-72  -1.25871642e-72
   -9.09244250e-72   1.58726418e-71]
 [ -3.67939018e-71  -5.43441202e-72   1.50451872e-71   3.34956873e-72
    2.38291679e-71  -4.27519499e-71]
 [ -8.25730222e-72  -1.25871642e-72   3.34956874e-72   7.91051213e-73
    5.39933637e-72  -9.63975674e-72]
 [ -5.79694544e-71  -9.09244249e-72   2.38291679e-71   5.39933636e-72
    3.83209467e-71  -6.82643484e-71]
 [  1.04383976e-70   1.58726418e-71  -4.27519499e-71  -9.63975672e-72
   -6.82643484e-71   1.22043152e-70]]
====
(array([ -5.24236075e+58,   3.73718729e+69,   6.46980944e+71,
         1.62417381e+73,   9.14396262e+75,   1.57077179e+76]), array([[ -1.12553719e-11,   5.79571869e-01,  -6.75067246e-01,
          2.16243570e-01,   3.82050946e-01,  -1.25125763e-01],
       [  5.00000000e-01,   8.66646657e-02,   5.01571925e-01,
          1.05728758e-01,   5.62649609e-01,  -4.03932774e-01],
       [ -5.00000000e-01,  -2.36845896e-01,   6.91843082e-02,
          6.69047417e-01,  -5.70030848e-02,  -4.88102197e-01],
       [ -5.00000000e-01,  -5.33368158e-02,  -2.24502343e-02,
         -6.86686298e-01,   2.85890017e-01,  -4.39749926e-01],
       [  5.00000000e-01,  -3.76847378e-01,  -4.54837851e-01,
         -1.23367639e-01,  -3.33762677e-01,  -5.23919349e-01],
       [ -1.19273316e-11,   6.75004403e-01,   2.83798987e-01,
         -8.76245155e-02,  -5.84022700e-01,  -3.39214713e-01]]))
====
2.5390750184e+16
====
[[  1.00000000e+00  -3.50369863e-11   1.15117398e-10   1.53239476e-11
    2.21837850e-10  -3.78304347e-10]
 [ -2.16354779e-10   7.50000000e-01   2.50000000e-01   2.50000000e-01
   -2.50000000e-01  -2.57749120e-10]
 [ -1.02633244e-10   2.50000000e-01   7.50000000e-01  -2.50000000e-01
    2.50000000e-01  -1.52317680e-10]
 [ -2.18759890e-10   2.50000000e-01  -2.50000000e-01   7.50000000e-01
    2.50000000e-01  -2.52223349e-10]
 [  1.90444832e-11  -2.50000000e-01   2.50000000e-01   2.50000000e-01
    7.50000000e-01   2.02200436e-11]
 [  1.50547922e-11   2.12330919e-11  -2.58592835e-11  -1.41563846e-11
   -3.58576093e-11   1.00000000e+00]] [[ 1.  0.  0.  0.  0.  0.]
 [ 0.  1.  0.  0.  0.  0.]
 [ 0.  0.  1.  0.  0.  0.]
 [ 0.  0.  0.  1.  0.  0.]
 [ 0.  0.  0.  0.  1.  0.]
 [ 0.  0.  0.  0.  0.  1.]]
