[[  1.72908277e-01  -5.37215465e-03  -8.00347000e-01  -2.52632435e-01
   -1.04760728e+00  -1.03556467e+00]
 [ -5.37215465e-03   3.22177771e-01   9.68552647e-01   4.60393851e-01
    1.10676873e+00   9.62150546e-01]
 [ -8.00347000e-01   9.68552647e-01   6.47019039e+00   2.49558876e+00
    7.99722650e+00   7.51876619e+00]
 [ -2.52632435e-01   4.60393851e-01   2.49558876e+00   1.00511299e+00
    3.04030790e+00   2.81999469e+00]
 [ -1.04760728e+00   1.10676873e+00   7.99722650e+00   3.04030790e+00
    9.93076567e+00   9.37661034e+00]
 [ -1.03556467e+00   9.62150546e-01   7.51876619e+00   2.81999469e+00
    9.37661034e+00   8.88790817e+00]]
====
(array([  3.60572096e-15,   2.04703516e-13,   2.26806331e-10,
         1.35353919e-05,   3.98179912e-01,   2.63908698e+01]), array([[ -2.48439193e-03,  -8.74252911e-01,   1.62274351e-01,
          2.11932872e-01,   4.00367143e-01,  -6.42908920e-02],
       [  5.01117787e-01,   3.91620167e-01,   3.01360395e-01,
          8.57291677e-02,   7.01833966e-01,   6.91094418e-02],
       [ -4.99504298e-01,   1.75712877e-01,  -2.40746488e-01,
          5.99784742e-01,   2.40045083e-01,   4.94265304e-01],
       [ -4.99989411e-01,   4.39208587e-03,   1.58855423e-02,
         -7.34070780e-01,   4.18856412e-01,   1.88250749e-01],
       [  4.99380420e-01,  -2.17201508e-01,  -5.26236775e-01,
         -2.20015205e-01,  -4.29324703e-02,   6.13406610e-01],
       [ -1.79524246e-04,  -6.51513001e-02,   7.40076065e-01,
         -2.69560869e-02,  -3.35007017e-01,   5.78866445e-01]]))
====
3.63012328644e+16
====
False
