sim =  True
[[  1.85268077e+75   3.23090607e+75   8.90713968e+74   2.17829699e+75
   -1.61895105e+74  -1.61129588e+75]
 [  3.23090607e+75   6.38842516e+75   3.28023356e+75   4.98773942e+75
    1.87954782e+75  -9.99923394e+74]
 [  8.90713968e+74   3.28023356e+75   4.41914780e+75   3.76367718e+75
    4.90259141e+75   3.39911198e+75]
 [  2.17829699e+75   4.98773942e+75   3.76367718e+75   4.44366949e+75
    3.21960725e+75   9.58490871e+74]
 [ -1.61895105e+74   1.87954782e+75   4.90259141e+75   3.21960725e+75
    6.24265083e+75   5.35752625e+75]
 [ -1.61129588e+75  -9.99923394e+74   3.39911198e+75   9.58490871e+74
    5.35752625e+75   5.77135285e+75]]
====
[[  7.76638429e-71   1.11252684e-71  -3.15418045e-71  -7.10279864e-72
   -4.97698715e-71   8.95681387e-71]
 [  1.11252684e-71   2.07400426e-72  -4.67990071e-72  -1.08744467e-72
   -7.84134963e-72   1.36813665e-71]
 [ -3.15418045e-71  -4.67990071e-72   1.28967917e-71   2.88119460e-72
    2.04578870e-71  -3.66821492e-71]
 [ -7.10279863e-72  -1.08744467e-72   2.88119460e-72   6.82491292e-73
    4.65113056e-72  -8.29931761e-72]
 [ -4.97698715e-71  -7.84134964e-72   2.04578870e-71   4.65113057e-72
    3.29503672e-71  -5.86628333e-71]
 [  8.95681387e-71   1.36813665e-71  -3.66821492e-71  -8.29931762e-72
   -5.86628333e-71   1.04816207e-70]]
====
(array([ -1.77980354e+60,   4.35349390e+69,   7.51707080e+71,
         1.89796872e+73,   1.07104919e+76,   1.83876992e+76]), array([[  8.88512454e-11,   5.79185913e-01,  -6.75413370e-01,
          2.16051998e-01,   3.82208046e-01,  -1.24895965e-01],
       [  5.00000000e-01,   8.70021968e-02,   5.01581480e-01,
          1.05903556e-01,   5.62751470e-01,  -4.03660570e-01],
       [ -5.00000000e-01,  -2.36676001e-01,   6.92349846e-02,
          6.69310643e-01,  -5.67599498e-02,  -4.87844810e-01],
       [ -5.00000000e-01,  -5.34804821e-02,  -2.22709838e-02,
         -6.86522279e-01,   2.86003428e-01,  -4.39923903e-01],
       [  5.00000000e-01,  -3.77158681e-01,  -4.54617480e-01,
         -1.23115192e-01,  -3.33507992e-01,  -5.24108143e-01],
       [  1.02320031e-10,   6.75166597e-01,   2.83313018e-01,
         -8.75159629e-02,  -5.83935407e-01,  -3.39476357e-01]]))
====
1.55411896476e+16
====
[[  1.00000000e+00   3.86987494e-11  -5.33891836e-11  -3.85604500e-11
   -2.48507394e-11   6.11970560e-11]
 [  8.18282646e-11   7.50000000e-01   2.50000000e-01   2.50000000e-01
   -2.50000000e-01   1.43183375e-10]
 [  2.37911327e-12   2.50000000e-01   7.50000000e-01  -2.50000000e-01
    2.50000000e-01   2.21279103e-11]
 [  2.78437987e-11   2.50000000e-01  -2.50000000e-01   7.50000000e-01
    2.50000000e-01   3.73775321e-11]
 [  8.38576125e-11  -2.50000000e-01   2.50000000e-01   2.50000000e-01
    7.50000000e-01   3.64570971e-11]
 [  7.62847360e-11   5.26565627e-11  -5.25929376e-11  -3.99237314e-11
    2.31166061e-11   1.00000000e+00]] [[ 1.  0.  0.  0.  0.  0.]
 [ 0.  1.  0.  0.  0.  0.]
 [ 0.  0.  1.  0.  0.  0.]
 [ 0.  0.  0.  1.  0.  0.]
 [ 0.  0.  0.  0.  1.  0.]
 [ 0.  0.  0.  0.  0.  1.]]
