[[  27013.16510288   28916.13387089  -39240.55039911    2926.69401336
   -65229.99025665  -76882.45083833]
 [  28916.13387089   48737.64835134    9641.54621856   28320.06627464
   -10776.03585814  -31283.48860388]
 [ -39240.55039911    9641.54621856  207003.74760879   68884.82134534
   266247.02273557  259845.35385479]
 [   2926.69401336   28320.06627464   68884.82134534   35991.4853997
    76556.2404704    63914.40571065]
 [ -65229.99025665  -10776.03585814  266247.02273557   76556.2404704
   353579.29906411  355043.24816932]
 [ -76882.45083833  -31283.48860388  259845.35385479   63914.40571065
   355043.24816932  365163.40751219]]
====
(array([  4.36250233e-11,   2.40502534e-06,   7.22207427e-04,
         1.05504195e+01,   9.75377896e+04,   9.39940412e+05]), array([[  1.86484450e-05,   8.88636319e-01,   3.41926566e-02,
          2.19830326e-01,   3.83909666e-01,  -1.15949779e-01],
       [  4.99993388e-01,  -3.14819708e-01,  -3.84217629e-01,
          9.20570883e-02,   7.03016565e-01,  -2.37734717e-02],
       [ -5.00004682e-01,  -2.23219286e-01,   1.81267019e-01,
          6.09486238e-01,   2.90457093e-01,   4.59860782e-01],
       [ -5.00000008e-01,  -3.75875702e-04,   8.11998576e-04,
         -7.25247770e-01,   4.55229902e-01,   1.29539955e-01],
       [  5.00001921e-01,   9.11825758e-02,   5.66296620e-01,
         -2.07818620e-01,   4.26704292e-02,   6.13174209e-01],
       [  4.82498095e-06,   2.30375328e-01,  -7.05448384e-01,
         -5.05345296e-02,  -2.54873940e-01,   6.17863514e-01]]))
====
8.90464157852e+15
====
False
