[[  31929.74888764   34178.89767283  -46383.09457517    3459.12191601
   -77102.87033199  -90876.07973192]
 [  34178.89767283   57606.31035966   11391.52540113   33472.04464232
   -12742.74031621  -36981.83622657]
 [ -46383.09457517   11391.52540113  244667.85155499   81416.23385174
   314692.5600056   307127.88142323]
 [   3459.12191601   33472.04464232   81416.23385174   42539.0703324
    90483.25954181   75541.6146822 ]
 [ -77102.87033199  -12742.74031621  314692.5600056    90483.25954181
   417918.55986362  419651.332332  ]
 [ -90876.07973192  -36981.83622657  307127.88142323   75541.6146822
   419651.332332    431615.42600437]]
====
(array([  1.16347476e-10,   2.84205796e-06,   8.53526603e-04,
         1.24693141e+01,   1.15285588e+05,   1.11097891e+06]), array([[  2.58138736e-05,   8.88636122e-01,   3.41980345e-02,
          2.19830426e-01,   3.83908003e-01,  -1.15955012e-01],
       [  4.99990841e-01,  -3.14821339e-01,  -3.84219672e-01,
          9.20571482e-02,   7.03016201e-01,  -2.37829862e-02],
       [ -5.00006477e-01,  -2.23216338e-01,   1.81265212e-01,
          6.09486614e-01,   2.90463035e-01,   4.59856722e-01],
       [ -5.00000011e-01,  -3.71904147e-04,   8.12513120e-04,
         -7.25247539e-01,   4.55231971e-01,   1.29533972e-01],
       [  5.00002671e-01,   9.11750019e-02,   5.66297319e-01,
         -2.07818073e-01,   4.26788052e-02,   6.13173681e-01],
       [  6.66448911e-06,   2.30379718e-01,  -7.05446913e-01,
         -5.05350140e-02,  -2.54865580e-01,   6.17866966e-01]]))
====
8.90464157852e+15
====
False
