[[  51567.44800349   55197.99904674  -74915.35431194    5583.85128276
  -124529.50207592 -146772.75459778]
 [  55197.99904674   93027.40616162   18381.82996727   54049.03401343
   -20596.54218092  -59739.66718266]
 [ -74915.35431194   18381.82996727  395123.39741805  131474.89930334
   508216.46675413  496006.07016554]
 [   5583.85128276   54049.03401343  131474.89930334   68692.58989609
   146118.45518601  121991.29181981]
 [-124529.50207592  -20596.54218092  508216.46675413  146118.45518601
   674931.46412105  677737.02916801]
 [-146772.75459778  -59739.66718266  496006.07016554  121991.29181981
   677737.02916801  697064.84278928]]
====
(array([ -3.65444127e-10,   4.58760601e-06,   1.37789553e-03,
         2.01326084e+01,   1.86169888e+05,   1.79421713e+06]), array([[  4.86927158e-05,   8.88636052e-01,   3.42010052e-02,
          2.19830209e-01,   3.83905193e-01,  -1.15964382e-01],
       [  4.99982486e-01,  -3.14832848e-01,  -3.84221155e-01,
          9.20570872e-02,   7.03015611e-01,  -2.37999846e-02],
       [ -5.00012097e-01,  -2.23203969e-01,   1.81264499e-01,
          6.09487002e-01,   2.90474084e-01,   4.59849404e-01],
       [ -5.00000020e-01,  -3.59208884e-04,   8.13152143e-04,
         -7.25247440e-01,   4.55235145e-01,   1.29523373e-01],
       [  5.00005395e-01,   9.11601353e-02,   5.66297387e-01,
         -2.07817525e-01,   4.26936170e-02,   6.13172761e-01],
       [  1.21172364e-05,   2.30382148e-01,  -7.05446089e-01,
         -5.05350709e-02,  -2.54850698e-01,   6.17873134e-01]]))
====
1.23664152708e+16
====
False
