[[  144379.68651507   154548.92576508  -209737.38549979    15640.06686252
   -348646.24440235  -410925.39906854]
 [  154548.92576508   260452.88758152    51423.81168251   151311.62831349
    -57717.44758553  -167307.8490269 ]
 [ -209737.38549979    51423.81168251  1106095.6425208    368030.11174973
   1422701.94258801  1388534.41575762]
 [   15640.06686252   151311.62831349   368030.11174973   192295.85987701
    409014.34331325   341470.01717035]
 [ -348646.24440235   -57717.44758553  1422701.94258801   409014.34331325
   1889433.73348679  1897312.28195488]
 [ -410925.39906854  -167307.8490269   1388534.41575762   341470.01717035
   1897312.28195488  1951448.61402225]]
====
(array([  3.18894862e-09,   1.28435963e-05,   3.85744673e-03,
         5.63615872e+01,   5.21219414e+05,   5.02283064e+06]), array([[ -1.48717243e-04,   8.88635099e-01,   3.42250281e-02,
          2.19831065e-01,   3.83901140e-01,  -1.15976306e-01],
       [  5.00052423e-01,  -3.14711104e-01,  -3.84230141e-01,
          9.20574881e-02,   7.03014679e-01,  -2.38217161e-02],
       [ -4.99962505e-01,  -2.23320049e-01,   1.81256524e-01,
          6.09488311e-01,   2.90486969e-01,   4.59840234e-01],
       [ -4.99999928e-01,  -4.70328571e-04,   8.15222010e-04,
         -7.25246416e-01,   4.55240699e-01,   1.29509565e-01],
       [  4.99985116e-01,   9.12554880e-02,   5.66300531e-01,
         -2.07815593e-01,   4.27129894e-02,   6.13171515e-01],
       [ -3.90429738e-05,   2.30401718e-01,  -7.05439553e-01,
         -5.05374584e-02,  -2.54831519e-01,   6.17881013e-01]]))
====
7.54898229382e+15
====
False
