[[  154200.21279656   165060.87698832  -224004.23669092    16703.4886613
   -372361.62501793  -438876.80379866]
 [  165060.87698832   278167.35035682    54919.31142929   161602.31673901
    -61645.72218852  -178689.79051571]
 [ -224004.23669092    54919.31142929  1181327.71112733   393060.95333337
   1519469.3530314   1482978.77212977]
 [   16703.4886613    161602.31673901   393060.95333337   205374.25431038
    436832.89090474   364694.86459739]
 [ -372361.62501793   -61645.72218852  1519469.3530314    436832.89090474
   2017947.96612466  2026363.42724287]
 [ -438876.80379866  -178689.79051571  1482978.77212977   364694.86459739
   2026363.42724287  2084182.83361145]]
====
(array([  4.60086749e-09,   1.37160562e-05,   4.11974479e-03,
         6.01944091e+01,   5.56669273e+05,   5.36447086e+06]), array([[ -1.42787053e-04,  -8.88635096e-01,  -3.42251770e-02,
          2.19831054e-01,   3.83901005e-01,  -1.15976758e-01],
       [  5.00050517e-01,   3.14714384e-01,   3.84229937e-01,
          9.20574850e-02,   7.03014650e-01,  -2.38225369e-02],
       [ -4.99964094e-01,   2.23316728e-01,  -1.81256212e-01,
          6.09488330e-01,   2.90487502e-01,   4.59839881e-01],
       [ -4.99999931e-01,   4.66989844e-04,  -8.14975884e-04,
         -7.25246412e-01,   4.55240853e-01,   1.29509053e-01],
       [  4.99985432e-01,  -9.12520410e-02,  -5.66300812e-01,
         -2.07815567e-01,   4.27137046e-02,   6.13171471e-01],
       [ -3.71330539e-05,  -2.30401840e-01,   7.05439511e-01,
         -5.05374609e-02,  -2.54830800e-01,   6.17881311e-01]]))
====
7.63506983144e+15
====
False
