[[  159139.84902579   170348.90424165  -231178.60629441    17239.26265548
   -384288.24788058  -452934.39011908]
 [  170348.90424165   287078.44616534    56677.21593901   166778.85706156
    -63622.37316477  -184415.94402385]
 [ -231178.60629441    56677.21593901  1219160.00329295   405648.38584335
   1568131.17319728  1530472.34207332]
 [   17239.26265548   166778.85706156   405648.38584335   211951.93307928
    450821.46186107   376372.69838047]
 [ -384288.24788058   -63622.37316477  1568131.17319728   450821.46186107
   2082575.00822313  2091260.98447765]
 [ -452934.39011908  -184415.94402385  1530472.34207332   376372.69838047
   2091260.98447765  2150933.5556791 ]]
====
(array([  6.00984929e-09,   1.41564693e-05,   4.25174376e-03,
         6.21227964e+01,   5.74501859e+05,   5.53627481e+06]), array([[ -1.59725286e-04,   8.88635034e-01,   3.42266702e-02,
          2.19831114e-01,   3.83900839e-01,  -1.15977211e-01],
       [  5.00056586e-01,  -3.14704195e-01,  -3.84230399e-01,
          9.20575120e-02,   7.03014610e-01,  -2.38233658e-02],
       [ -4.99959873e-01,  -2.23326569e-01,   1.81255631e-01,
          6.09488400e-01,   2.90487963e-01,   4.59839536e-01],
       [ -4.99999923e-01,  -4.76514437e-04,   8.15001679e-04,
         -7.25246351e-01,   4.55241101e-01,   1.29508520e-01],
       [  4.99983586e-01,   9.12605937e-02,   5.66301099e-01,
         -2.07815463e-01,   4.27144541e-02,   6.13171422e-01],
       [ -4.13890582e-05,   2.30403054e-01,  -7.05439107e-01,
         -5.05376085e-02,  -2.54830065e-01,   6.17881612e-01]]))
====
7.63506983144e+15
====
False
