sim =  False
[[  2065.59757491   3530.2742469     709.19910437   2247.15172485
    -573.92341768  -2119.84329851]
 [  3530.2742469    7213.19867838   4207.27799662   5627.90745161
    2621.98676985   -567.00807831]
 [   709.19910437   4207.27799662   7961.18832995   5288.49195133
    9042.40228466   7121.78268401]
 [  2247.15172485   5627.90745161   5288.49195133   5165.15600137
    4825.7405011    2312.3672245 ]
 [  -573.92341768   2621.98676985   9042.40228466   4825.7405011
   11246.15601591  10001.15798682]
 [ -2119.84329851   -567.00807831   7121.78268401   2312.3672245
   10001.15798682  10167.93284181]]
====
[[  3.17981120e+01  -8.33247449e+00  -7.58524837e-01   1.02104141e+01
   -3.26899696e+01   3.65277596e+01]
 [ -7.42069560e+00   7.74328552e+09  -7.74328552e+09  -7.74328552e+09
    7.74328552e+09  -8.20369571e+00]
 [ -1.67030373e+00  -7.74328552e+09   7.74328552e+09   7.74328552e+09
   -7.74328552e+09  -1.86158893e+00]
 [  9.29863521e+00  -7.74328552e+09   7.74328552e+09   7.74328552e+09
   -7.74328553e+09   1.08276216e+01]
 [ -3.17781907e+01   7.74328553e+09  -7.74328552e+09  -7.74328553e+09
    7.74328555e+09  -3.75762366e+01]
 [  3.65277596e+01  -9.31120570e+00  -7.54078949e-01   1.19351316e+01
   -3.86837466e+01   4.29594535e+01]]
====
(array([  2.98421843e-11,   1.06407915e-02,   1.12460920e+00,
         4.53541214e+01,   1.30763889e+04,   3.06963512e+04]), array([[ -8.78182334e-10,   5.78043114e-01,  -6.66898125e-01,
          2.52497757e-01,   3.96359568e-01,  -1.60320036e-02],
       [  5.00000000e-01,   8.43643770e-02,   5.01371699e-01,
          8.10732230e-02,   6.59909644e-01,  -2.22385847e-01],
       [ -5.00000000e-01,  -2.45266448e-01,   9.61555660e-02,
          6.46123308e-01,   8.74268921e-02,  -5.05449984e-01],
       [ -5.00000000e-01,  -4.48442053e-02,  -5.35819739e-02,
         -6.95132066e-01,   4.05441931e-01,  -3.12291885e-01],
       [  5.00000001e-01,  -3.74475027e-01,  -4.58798107e-01,
         -1.30081981e-01,  -1.67040821e-01,  -5.95356022e-01],
       [ -1.02782916e-09,   6.75537291e-01,   2.85062601e-01,
         -1.09848875e-01,  -4.55509712e-01,  -4.92780691e-01]]))
====
1.04664879595e+16
====
[[  1.00000000e+00   2.69407557e-02  -2.66942344e-02  -2.66869696e-02
    2.94509304e-02  -2.77684266e-11]
 [ -2.71818582e-12   1.00485862e+00  -3.12383416e-04  -6.99150549e-04
   -7.96208122e-04   7.61700694e-12]
 [  2.14023589e-11   2.04882068e-02   9.82951226e-01  -9.41944138e-03
    2.50789801e-02   7.05710021e-11]
 [  8.37752345e-12   1.96214631e-02  -1.06748513e-02   9.71580729e-01
    2.05668780e-02   4.69457818e-11]
 [ -4.12975360e-11   4.51570150e-02  -4.51297065e-02  -3.92330259e-02
    1.03291053e+00   1.39234343e-11]
 [ -3.10026084e-11   1.83538086e-02  -3.16246437e-02  -3.69982857e-02
    2.45410071e-02   1.00000000e+00]] [[ 1.  0.  0.  0.  0.  0.]
 [ 0.  1.  0.  0.  0.  0.]
 [ 0.  0.  1.  0.  0.  0.]
 [ 0.  0.  0.  1.  0.  0.]
 [ 0.  0.  0.  0.  1.  0.]
 [ 0.  0.  0.  0.  0.  1.]]
